[####] (2,3) (0,3) (1,3) (0,1,3) {34,24,10,51}
[.####..#..] (6,7,9) (1,4,6,7,8) (1,2,3,5,6,7) (4,5,7) (1,9) (6,7) (0,1,2,4,5,7,9) (1,3,4,5,6,7,9) (1,2,5,6,8,9) (0,2,4,5,6,8,9) (0,2,4,5,6,7,8,9) (0,2,3,4,6,7,8) (0,1,2,3,4,7,8,9) {64,68,82,53,82,69,85,121,51,77}
[#######...] (2,4,5,6,7) (0,1,2,4,5,8,9) (1,3,4,5,6,7,8,9) (0,1,2,3,4,5,6,9) (1,2,4) (0,3,4,5,6,7,8) (7,8) (1,2,3,4,5) (2,3,8) (2,4,6) (0,2,4,5,8) {56,53,220,189,100,73,48,36,192,21}
[..####..] (0,1,2,3) (6) (2,3,4,6) (0,1,2,3,4,5) (5,6) (0,1,3,4,5,6,7) (2,3,4,5,6,7) (0,1,3) {45,45,62,83,64,48,68,32}
[#.###....] (1,3,4,5) (2,5) (1,6,7) (0,2,3,4) (6,8) (0,3,6,7) (0,2,3,4,6,8) (1,6) (0,1,2,3,5,7) {50,46,60,54,35,33,68,36,31}
[.....#] (1,2,3,4) (2,3,4) (0,1,5) (1,2,3) (4,5) {6,17,12,12,15,11}
[#..#.#....] (0,7,9) (2,3,5,6,7,8,9) (1,2,5,6,7,9) (0,1,2,5,6,7,8,9) (0,1,2,4,6,7,8,9) (0,3,4,5,6,8,9) (0,1,4,5,6,7,8) (0,1,2,3,4,5,7,8,9) (3,6,9) (4,5,6,7,9) (0,1,3,5,7,8,9) {59,46,37,30,36,48,55,69,45,78}
[..#.#.] (1,2) (0,1,4,5) (0,1,2,3,5) (0,1,2,4) (1,2,3) {18,131,130,113,8,11}
[.....##] (5) (0,2,5) (0,1,6) (0,2,6) (0,2,3,4,5) (2,3,4,6) (4,5,6) (0,1,4) (0,1,2,3) {32,17,25,19,29,44,26}
[##..#.] (0,2) (1,4,5) (0,1,3) (0,1,3,4) (0,4) (1,2,3,4,5) {42,41,16,27,52,22}
[##...###] (2,3,5,6) (0,1) (0,1,2,3,4,7) (1,2,4,6,7) (0,1,5,7) (2,3,4,5,6) (1,2,4,6) {128,150,132,110,128,7,26,125}
[#....###.] (5,6) (1,2,3,5,6,7,8) (0,1,2,7,8) (0,1,3,4,8) (0,1,3,4,5,6) (0,4,5,8) (1,2) (2,3) (4,7) (2,4,5,8) {36,57,42,55,55,68,56,33,48}
[...###..] (1,3) (0,4,5,6,7) (5,6) (1,3,4,5) (2,7) (0,4,5,6) (0,1,2,3,4,6,7) (4,6) (2,3) (0,1,2,3) {39,40,31,54,52,55,61,15}
[.#.#] (1,2) (1,3) (0,2) (0,3) (0) {26,21,14,14}
[##.#] (3) (1,2) (1,3) (0,1) {13,39,6,26}
[.##.#.] (2,3,4,5) (3) (0,3,5) (0,3,4) (0,1,3,4,5) (3,4) (1,2,5) (2,5) {12,17,180,202,192,192}
[.#..#.#.##] (0,1,2,4,6,7,9) (1,2,5,6,7,8) (3,4,6,7,9) (2,3,5,7,8) (3,7) (1,2,4,8) (0,9) (2,3,4,7) (0,5,6,7,8) (0,1,3,4,6,9) {216,35,48,72,54,42,59,90,53,211}
[#......##] (2,6,7,8) (0,1,3,4,5,6,8) (1,2,6) (0,1,4,5,6,7,8) (0,7,8) (0,2,4,6,7) (0,1,2,3,4,6) (1,3,4,7,8) (2,4,8) (3,7) {62,84,61,70,77,29,79,80,90}
[.#.####.] (1,2,3,4,6,7) (0,1,3,6) (0,1,2,3,6) (0,2,3,4,5,6) (0,2,3,4,5,6,7) (0,3,4,5,7) (1,3,4,5,7) {180,53,45,202,171,151,60,171}
[..#..#...] (1,2,4,6,7,8) (1,2,3,4,5) (1,3) (0,1,3,4,5,6,8) (0,1,2,6,8) (1,4,6) (0,2,3,4,5,7,8) (2,3,5,6,7,8) (2,4,6) (0,3,4) {62,62,88,65,87,47,91,49,79}
[.#.###.] (0,4,5) (0,1,3,4,5) (1,2,6) (1,2,4,5,6) (4,6) {24,28,24,4,213,42,195}
[...#....#] (3,5,6,7,8) (1,2,4,6,7) (0,1,3,4,5,6,7) (2,7) (2,4,5,8) (2,3,4,5,8) (0,1,2,5,6) (0,1,2,4,6,7,8) (3,6) (2,3,4,6,7,8) {34,49,104,46,80,68,69,66,54}
[#.....] (0,2,3,5) (1,2,4) (0,3) (2,3,5) (0,5) (3,4) {27,7,13,41,25,14}
[#.##..] (1,4,5) (3,5) (0,1,4,5) (1,3,4) (2,5) {9,22,13,20,22,35}
[..##.#] (4,5) (1,2,3,4) (0,1,3,4,5) (2) (2,3,5) (3,4) (4) (0,5) {20,15,29,30,58,46}
[##...] (0,1) (2) (0,2,4) (1,3) (0,1,2) (1,2) (2,3) {182,199,43,7,1}
[.#...#] (0,1) (1,3,4,5) (2,3) (2,4) (0,1,3,5) (0,1,3,4) (0,3) {52,50,12,43,31,18}
[#..##] (4) (0,2,3) (0,2) (0,1,2,3) (3,4) (1,2) {47,35,65,46,15}
[##..###] (3,6) (0,4,5) (3,5) (0,2,4,5,6) (1,2,3,4,6) (1) (0,3) {36,26,32,41,49,37,44}
[#.#.##....] (1,4,8,9) (1,3,4,5,8) (7) (0,1,2,3,4,5,7,8) (0,1,5,8,9) (0,1,2,3,4,5,6,8,9) (0,1,3,4,5,6,7,9) (1,2,4,6,8) {57,105,50,52,87,70,42,40,96,55}
[.##..##] (0,3,4,6) (1,2,4,5,6) (0,2,4,5) (1,3,4,5) (3,5) (3) (0,1,2) (3,4) {50,29,44,158,157,29,24}
[.#..###...] (1,4,7,9) (0,1,2,3,4,6,7,9) (1,2,3,4,5,6,7,9) (7,9) (1,3,4,5,6,9) (0,1,2,4,9) (2,3,5,7) (0,1,2,6,8,9) (0,1,2,4,5,6,7,8,9) (0,2,4,5,6,7,8,9) (0,1,4,5,6,7,8,9) (5,9) {189,218,196,51,231,202,212,217,161,249}
[###.##.#] (0,5) (0,2,3,4,5) (1,2,3,4,7) (0,1,2,3,4,7) (4,6,7) (1,3,5,6,7) (0,2,3,4,6,7) (0,1) {58,43,48,62,53,45,35,53}
[##...#..##] (0,1,2,4,5,6,7,8,9) (2,4) (1,2,3,4,5,6,7,8,9) (0,1,2,3,4,5,6,7,9) (1,2,4,5,8,9) (0,6) (5,6,7,8) (0,5,6,7) (4,9) (1,2) {29,60,80,32,89,64,61,61,50,69}
[.#..] (1,2) (2,3) (0,1,2) (0,3) {23,200,202,22}
[##.#.##] (0,2,5,6) (3,5) (1,3,5,6) (0,3,5) (0,2,4,5) {20,19,14,32,13,46,20}
[.#..##.##.] (0,1,4) (0,2,3,8) (1,2,3) (0,1,2,3,5,6,7,9) (0,2,4,6,7) (0,1,2,3,4,6,7,8) (0,1,2,3,5,6,8) (1,2,3,4,5,6,7,9) (1,2,3,4,6,7,8) (1,4,5,7,8) (0,1,2,6,7,8) (1,4,7,8,9) {252,263,267,247,238,27,254,255,252,16}
[##..##.#] (0,3) (0,1,2,3,4,5) (0,5,6) (1,7) (1,2,4,5,6) (1,2,3,7) (1,4) (1,2,3,4,5,6,7) (0,2,4,5,6,7) {39,56,44,23,57,47,43,37}
[...##.##.] (3,4,5,6,7,8) (1,4) (0,1,2,3,7,8) (4,6) (3,4,5,6,8) (2,3,4) (0,3,5,7,8) (4,7) (0,3,4,8) {212,20,34,251,79,206,35,229,236}
[.###] (1,2,3) (0,1,2) {11,11,11,0}
[#.#.] (0,2,3) (1,2,3) (2,3) (1,2) {10,32,51,34}
[##...] (0,3,4) (0,1,2) (2) (2,3) {40,20,41,33,20}
[#.##.#] (1,2,3) (2,4) (1,3) (0,2,3,5) (0,2,5) {24,23,44,32,8,24}
[..#.###.#] (0,2,6,7) (0,3,4,5) (0,1,3,6) (0,1,2,3,4,6,8) (0,1,2,3,4,6,7,8) (2,6) (5,6) {40,30,33,34,23,16,56,15,19}
[###.##] (0,3,4,5) (3,4) (2,5) (1,2,4) (1,5) {17,22,196,23,29,223}
[##....#] (0,1,4,5) (0,1,3,4,5) (0,3,6) (0,1,2,3,5) (1,2,3,4,6) (3,4,5,6) (1,2,3,5) {35,48,25,46,31,48,17}
[##.#..##] (0,2,3,4,5,6) (4,5,6) (0,6) (1,4) (3) (0,1,2,3,5) (4,5) (0,3,5,6,7) (4,7) {42,29,21,50,48,65,28,30}
[#..##.####] (2,3,7) (0,2,3,4,5,6,7,8) (0,3,6,7,8,9) (0,1,2,3,5,6,7,8) (1,7,8,9) (0,1,3,4,6,7,9) (1,3,4,6,7) (0,5) (2,3,4,6,9) {63,45,24,60,36,35,59,71,48,45}
[...#.] (0,2,3) (0,1,4) (1,4) (1) (0,2) (2,3) {159,149,33,26,139}
[..##..#.] (0,2,6,7) (1,2,3,5) (0,3,5,6,7) (0,1,2,3,5,7) (0,1,2,3,5,6) (2,4) (0,1,3,6,7) (0,1,3,4) (0,1,3,4,5,6) (0,1,2,4,5,7) {100,70,51,89,41,64,71,50}
[#....#] (0,1,2,5) (0,1,3) (0,1,2,3) (3,5) (1,3) (0,1,3,4,5) (2,4) {54,59,46,48,31,39}
[.##..] (1,3) (0,4) (0,2) (0,2,3,4) (1,2,3,4) {26,156,157,157,170}
[#....#] (2,3,4,5) (0,1,3,4) (2,4,5) (0,2,3,5) (1,4) (0,2,3) (5) {30,23,23,34,34,29}
[.###...#] (2,3) (1,4,6) (7) (0,1,3,4,5,7) (1,2,3,4,6,7) (0) (1,2,3,4,5) (5,7) (1,2,3,5) (0,1,2,3,4,5) {16,17,18,22,11,26,6,23}
[###.###] (0,6) (0,1,2,4,5,6) (0,3,4,6) (2,3,5) (2,4,5) (1,2,3,4) {12,12,31,38,23,21,12}
[###.#] (1,2,3) (0,2,4) (0,1,4) (2,3) {18,25,31,25,18}
[..##] (0,1) (0,2) (1,2) (2,3) (1) (1,2,3) {33,42,34,17}
[####] (0,1) (0,2,3) (2,3) {29,11,21,21}
[..##.] (0,2) (2,3,4) (0,2,3,4) (1) (0,1,2,3) {39,25,59,49,33}
[.#....#] (1,2,4,5) (0,2,4,5) (0,6) (1,2,3,4,6) (0,2,3,5) (1,3,4,5,6) (0,1,2,3,6) (1,4,5,6) (1,2,3,5) {65,65,83,60,59,77,60}
[#..##] (1,2,3,4) (1,2) (0,1,2,3,4) {20,58,58,40,40}
[.#.###.##.] (2,5,7,9) (0,1,2,4,5,8,9) (0,2,5,6,9) (0,2,5,6,8) (0,1,3,4,5,6,7,9) (1,2,3,5,6,7) (0,1,2,3,4,5,6,7,9) (1,3,4,6,8) (1,4) {176,184,191,30,167,197,47,30,163,171}
[#...] (0,1,2,3) (1,2,3) (0,1) {27,27,20,20}
[.#....] (0,1,4) (3,4,5) (0,2) (3,4) (1) (0,1,2) (0,3) (0,1,2,3) {29,24,19,15,14,3}
[.#.#.####] (0,2,3,5,6,8) (1,2,3,4,5,7) (2,3,5,7) (1,2,4) (2,5,6,8) (3,4,5,6,7,8) (0,2,3,4,8) (0,1,3,4,8) {7,15,23,27,28,27,18,20,25}
[#.#.] (0,2) (1,2,3) {5,14,19,14}
[###.] (0,3) (0,2) (0,1,2) {32,0,13,19}
[.######.#.] (2,3,4,7) (6,9) (3,4,5,6) (2) (2,4,5,7,8) (0,1,3,5,7,9) (0,2,3,4,5,7,8,9) (0,2,5) {20,4,50,32,44,51,29,33,29,31}
[#.........] (1,2,3,4,6,9) (5,9) (1,2,3,4,6,7,8,9) (0) (2,4,7,8) (4,5,6) (1,5,7,8) (0,2,3,4,6,7) (1,2,6,9) (0,1,2,3,4,5,6,7) (5,8) (3,6,8,9) {42,61,82,56,69,40,83,56,44,46}
[..##] (0) (1,2) (0,3) (0,1,3) {29,24,20,14}
[.###..] (0,1,4,5) (2,4,5) (0,2,4,5) (3) (0,2,4) (1,3,4) (0,2) {126,20,143,24,147,128}
[..#...#] (1,6) (0,1,2,4,5) (1,2,4) (0,2,3,5,6) (0,5) (3,6) (0,1,3,4,6) (1,2,3,6) {52,68,52,55,51,33,59}
[#.#.] (1,2,3) (0,2) {8,151,159,151}
[.#.#] (1) (2,3) (1,2) (0,3) (0,2) {21,19,30,31}
[.######.] (1,2,3,4,6,7) (1,2,3,4,5,6) (0,1,3,5,6,7) (2,3,5) (0,2,6) (1,2,3,7) (0,1,3,6) (0,6) (0,2,3,4,5,6) {184,65,189,75,15,25,197,45}
[.######.##] (0,1,2,4,5,7) (0,2,4,5,6,7,8,9) (1,3,4,5,6,9) (0,3,4,5,6) (2,4,6,7,8,9) (1,4,5,6,7) (3,5,7) (0,5,9) (5,6) (1,2,3,7,9) (1,8,9) {187,204,178,43,205,232,63,202,15,39}
[####.#.##] (0,2,3,4,8) (0,4,5,7) (0,1,2,3,6,7,8) (1,2,5,6,7) (0,2,4,5,7,8) (0,1,2,3,5,7,8) (3,7) (0,1,2,5,6,7,8) {73,64,83,217,29,82,47,280,63}
[###.#.#..] (1,2,3,4,5,7,8) (3,6,8) (0,1,4,6,7) (4,6,7) (0,2,3,4,6,7) (0,1,2,5,6,8) (2,8) (2,3,4,5,8) (0,1,2,3,6,8) (0,2,5,7,8) (0,1,2,3,6,7) {174,170,56,37,170,25,194,166,66}
[.#..#.] (0,1,2,3,4) (2,5) (0,5) (0,3,5) (1,2,3,4,5) (0,2) {157,32,181,37,32,46}
[####..##] (0,7) (1,2,4,5,6,7) (2,5) (4,5) (3) (1,3) (0,1,2,3,4) {20,43,41,34,36,37,12,18}
[###..] (1,3) (2,4) (1,3,4) (0,1,4) (3) (0,1) {36,48,6,27,31}
[....#.#] (2,3,4,6) (1,2,4,5,6) (1,2,5,6) (4,6) (1,3,6) (0,6) (1,5) {11,34,24,10,13,28,48}
[.#..] (1,2,3) (1,3) (0,2) (0,3) {17,19,20,34}
[#.#..#.###] (0,1,3,4,6,8,9) (0,1,2,3,5,6,8,9) (1,2,3,4,5,7,8,9) (0,2,3,4,5,6,8) (0,1,3,7,8) (2,6,8,9) (4,5,7,9) (2,3,4,5,7) (2,3,4,5,6,7,8,9) (0,1,4,5,6,9) (1,2,3,4,5,7,8) {26,27,86,81,86,87,51,79,77,65}
[##.#.##...] (0,1,2,3,4,5,7,8) (3,6,7) (4,8) (0,3,4,5,6,7,8) (0,1,2,4,6,8) (0,2,3,4,5,6,8,9) (1,2,6,9) (0,1,2,4,5,6,8,9) (1,2,8) (1,2,3,5,8,9) (3,4,5,6,7,9) {50,61,76,64,65,51,55,32,88,38}
[....#.] (0,1,2,3) (0,1,2,3,4) (0,4,5) (1,3,5) {40,41,23,41,37,35}
[..#...####] (3,4,5) (0,1,8,9) (0,1,4,5,7,8,9) (2,4,7,8) (0,2,4,7,8) (0,1,3,4,5,6,8,9) (2,3,4,6) (2,4,5,6,8,9) {36,25,53,24,74,41,35,30,66,45}
[...#..] (1,4,5) (2,3,4,5) (3,4) (2,4) (1,5) (0,4,5) (2,4,5) {5,6,41,40,71,45}
[....#] (1,2,4) (2,3,4) (1,2,3) (3) (0,4) {116,6,14,32,125}
[#.#.#.#] (1,2,3,5,6) (0,3) (0,2,4,6) (0,2,5,6) (2,3,4,5) (0,2,3,4) {30,7,41,25,30,20,28}
[#..#.##..] (1,2,3,4,5,6,8) (1,3,4,7,8) (0,1,2,3,5,6,7,8) (0,1,3,5,7,8) (0,2,3,4,6,7) (1,5,6) (2,7,8) (0,2,3,5) (0,2,6) {51,185,51,59,26,185,189,55,42}
[.##....##] (0,1,2) (0,1,5,6) (0,1,2,3,4,5,6,7) (4) (1,2,7,8) (0,1,2,3,4,7,8) (0,2,3,4,8) {190,186,200,36,51,8,8,32,44}
[###.#] (0) (0,1) (1,2) (2,3,4) (3) (2,4) {29,25,43,32,30}
[.###] (0) (1,2,3) (0,1,3) (0,1) {43,42,9,25}
[......#.] (2,3,5,6,7) (0,1,2,3,4,6,7) (0,3,4,5,6) (0,2,3,5,6,7) (0,1,4,6,7) (2,3,6) {48,15,35,48,28,47,62,49}
[#.##] (2) (1,3) (1,2) (0,3) (0) {35,22,20,36}
[##.#] (0) (0,3) (0,1) (0,2) (1,3) (1,2) {45,24,10,25}
[#.#.#.##.] (0,1,3,4,6,7) (0,1,3,4,5,7,8) (2,3,6,7,8) (0,2,3,4,5,6,7) (0,2,4,8) (1,5,7) (0,1,2,3,4,7,8) (2,6,7,8) {241,221,76,238,241,210,55,265,250}
[##.##] (0,3) (1,2,4) (0,2,3) {11,20,21,11,20}
[...#.##..#] (0,1,3,5,9) (0,1,2,7,8,9) (2,3,5,9) (0,1,2,4,6,8,9) (0,1,2,3,4,5,6,8,9) (1,2,3,4,6,7,9) (3,4,5,7,9) (1,6,7) {34,63,50,36,45,24,52,47,31,63}
[#...###] (1,4,5) (1,2,5,6) (1,2,3,4) (1,2,3) (0,1,4,5,6) (1,2,4,6) {20,71,49,19,38,36,50}
[.##.######] (0,1,2,3,4,5,6,7,8) (2,4,5,9) (0,3,4,5,8,9) (2,4) (1,5) (0,1,2,3,5,6,7,8) (1,2,5,6,7,8,9) (0,2) (2,5,6,7) (1,2,4,5,6,7,8,9) {28,129,158,20,143,158,125,125,129,131}
[#.##.#.#] (0,1,2,3,4,5) (2,5,6) (3,6) (1,5) (0,1,2,3,5,6,7) (1,2,3,4,5,6,7) (0,2,4,5) {6,14,19,22,8,27,29,2}
[.#.###] (0,3,4) (2,4) (0,1,2,4,5) (3,4,5) {29,16,17,31,48,34}
[#.#..] (0,3) (1,3) (0,1,2,3) (1,3,4) (0,2,4) (0,2,3) (0,4) {179,11,165,155,28}
[#..#] (0,1,2) (0,2) (0,1) (2,3) (0) (0,2,3) {56,27,33,12}
[......##] (0,4) (5) (0,1,2,3,5,7) (3,6,7) (0,1,2,4,5) (5,7) (0,1,2,3,7) (0,4,5,6,7) (2,3,5,6) (1) {67,66,50,37,34,57,6,47}
[#....#.] (0,2,3,5,6) (1,6) (2,3,4,5,6) (0,5) (0,4) (1,2,3,4,5,6) (0,1,3) {51,26,9,29,16,23,14}
[#.####.#] (0,2,3,6) (1,3,4,5,7) (1,2,4,5,6) (0,1,3,4,6,7) (2,5,7) (1,2) (0,1,4,5) (3,4) {48,62,60,37,51,47,47,31}
[....#####] (0,1,2,4,5,7,8) (0,1,2,3,4,6) (1,5,6,7,8) (1,7) (0,2,7) (1,2,4,5) (0,1,3,5) (1,2,5,8) (2,3,4) (2,4,6,7,8) (0,2,3,5,6,7,8) {56,83,100,64,79,76,64,73,61}
[..#...##..] (0,1,2,3,4,7,8,9) (3,4) (1,4,7,8) (0,3,7,9) (1,2,3) (0,2,5) (0,4,6,8,9) (0,1,6,8,9) (2,4,8) (5,9) {50,41,33,28,63,12,26,41,70,56}
[..#.] (3) (0,2) (2) (1,3) (0,1) (1,2,3) {11,33,25,27}
[##...#.] (0,2,4) (0,2,3,4,5) (0,1,3) (0,1,4,5,6) (0,5,6) (0,1,3,5) {59,39,18,34,37,35,21}
[#.#....#] (4,6) (0,2,3,4,5) (0,1,3,7) (0,1,2,5,6) (2,3,4,6) (1,2,3,5,6,7) (1,4,7) {19,33,29,24,41,27,41,25}
[.#...###] (1,2) (4,5,6) (0,1,4,6) (0,1,2,3,4,5) (2,3,5) (0,4,5,7) (5) (3,4,5) (0,2,4,5) (0,1,2,4,7) {36,40,46,26,48,47,16,18}
[#####.#..#] (0,5) (0,2,3,4,7,8,9) (1,3,5,6,7) (0,1,3,5,6,7,8,9) (0,1,3,4,5,6,7,8,9) (1,2,5,7,8) (0,1,2,4,5,7,8,9) (2,3,4,8) (0,1,2,4,6,7,8,9) (1,4,5,8,9) {50,74,55,51,76,65,35,67,88,69}
[#.#..#] (0,1,3,4,5) (0,3,4,5) (0,1,2,5) (0,4) {33,18,1,28,32,29}
[..#..] (0,1,2,4) (3,4) (0,1,4) (1,2) {19,20,6,124,143}
[.#####..##] (0,2,3,6,9) (1,3,5) (2,3,5,8) (5,7,9) (0,1,7,8) (4,5,6,7) (0,1,3,4,5,6,8) (0,1,3,5) (0,3,4,5,7) (2,3,7,8) {73,42,36,81,32,67,37,41,41,26}
[.#.#..###] (3) (0,1,2,4,6,7,8) (4) (0,1,2,3,6,8) (0,1,2,3,4,5,6,8) (1,2,4) (2,3,4,5,6,8) (1,3,4,6,7,8) {34,56,56,62,67,23,50,14,50}
[......#.] (0,1,2,4,5,6,7) (0,1,2,4,5) (0,1,4,5,6,7) (0,1,2,4,7) (0,1,3,4,6,7) (0,1,3,4,7) (0,1,2,3,6,7) (2,3,5,6) {81,81,73,40,71,50,55,64}
[###.##.##] (2,5,8) (1,4,6,7) (0,1,5,7,8) (0,1,4,5,7,8) (1,2,7) (0,2,3,4,7,8) (0,1,2,3,5,7,8) (2,4,8) (0,2,5,6,7) {190,41,183,15,47,182,158,203,59}
[.###] (2) (0,2,3) (0,1) {25,10,31,15}
[##.#...] (2,4,5,6) (0,2,3,5,6) (3,5) (1) (0,1,2,4,6) (0,1,2,3,4) {41,38,149,48,133,140,133}
[.#...#.] (2,6) (1,3,6) (3,4,6) (0,1,2,4) (4,5,6) (0,1,4,5) (0,1,2,5,6) (1,2,3,5,6) (0,3,5) {63,64,46,55,57,82,65}
[#.#####] (1,3,6) (0,1,5) (1,3,4,5) (0,1,2) (0,1,2,3,4,6) (1,2,3,4,6) {45,81,53,55,40,13,49}
[.####..#] (3,5) (0,5,7) (0,7) (2,6) (0,1,2,3,4) (2,3,4,6) (0,1,2,3,4,6) (7) {25,19,37,166,23,149,28,20}
[.###..#..] (0,4,5,7,8) (3,5) (0,2,4,8) (0,2,3,4,5,6,7) (1,3,8) (2,6) (0,1,3,4,5,6) {32,28,23,41,32,22,22,13,29}
[#.##.###.] (0,5,7) (0,1,4,5,6,7,8) (0,2,3) (0,4,5,6,7) (0,2,3,4,5,7) (0,1,3,4,6,7,8) (0,1,4,6,7,8) (0,1,2,4,7) {66,27,22,29,32,31,25,51,21}
[#...#.] (0,1,2) (0,2,3,4) (1,3,4,5) (1,2,4,5) {13,32,25,7,19,19}
[.#..] (1) (0,3) (2,3) {19,1,1,20}
[###.] (0,1,2) (0,1,3) {16,16,12,4}
[#.##.###] (1,3,6) (0,1,2,4,5) (1,6,7) (1,5) (0,2,5,6,7) (0,2,3,4,5,7) (1,2,4,5,7) (0,4,5) {37,35,31,13,18,48,35,30}
[###..#.] (2,4) (0,1,3,4,6) (1,3,6) (1,4) (0,1,2,5,6) (4,5) {17,48,11,31,53,12,32}
[#.#....#.] (0,1,2,7,8) (0,1,7) (3,5,8) (6) (0,2,3,5,6,7,8) (1,2,3,4,5,7,8) (0,1,2,5,7) {40,56,48,33,17,51,20,57,45}
[######....] (0,1,3,4,5,6,7,8,9) (1,2,5) (2,6,9) (1,2,3,4,5,6,9) (0,2,7,9) (0,1,2,3,6,8,9) (1,3,4,7,8) (2,7,8) (1,7,9) (1,4,5,6,8) (0,1,2,5,7) (3,4,6,9) (0,1,3,4,5,7,8,9) {62,265,64,66,70,52,47,274,65,261}
[####.###.#] (0,6,8) (5,8) (0,1,2,4,5,6,7) (0,1,3,8) (1,6) (0,1,2,4,7,8) (0,3,4) (1,2,3,4,5,6,9) (8,9) (0,3,5,6) (0,1,2,4,5,7) (0,1,2,4,5,6,8,9) {63,52,32,26,42,38,29,31,59,14}
[.##.#] (0,2,3,4) (1,2,4) (2,4) {19,168,195,19,195}
[#..#....##] (2,3,5,6,9) (0,2,3,5,6,7,9) (0,1,3,4,5,6,9) (0,1,2,3,5,6,8,9) (0,1,2,3,5,6,8) (3,7) (0,4,5,7,9) (4,5,8) (1,2,3,6,7,9) {25,13,19,45,22,39,26,35,16,27}
[...##] (4) (0,1,2,4) (0,2) (0,3) (2,3,4) (0,2,3,4) (0,1,3) {60,15,44,49,39}
[##...#] (3) (0,1,4,5) (0,1,5) (1,2) {9,28,19,8,0,9}
[....####.] (0,3,5,6,7,8) (0,3,4,6,7,8) (0,1,2,4,7,8) (0,1,4,5,6,8) (0,1,3,5,7,8) (2,7) (2,3,4,7) (0,1,2,3,5,6) {49,34,200,209,189,40,38,201,32}
[#.#....#] (2,4,7) (0,1,2,4,5,6) (3,4) (0,3) (0,1,3,4,5,6,7) (1,6,7) {14,22,6,30,28,6,22,28}
[##..#....] (0,2,3,4,7) (2,3,4,6) (8) (0,6) (0,6,7,8) (0,1) (0,1,2,3,5) (1,2,4,5,8) (0,1,4,6,7,8) (3) (0,1,3,5,6,7,8) {50,63,47,62,48,48,41,36,57}
[#...###] (0,1,4,5,6) (2) (0,1,2,3,5,6) (0,5) (0,3,6) (1,2,4,5,6) (0,1,3,5) (3,4,6) (0,1) {40,228,220,28,217,222,231}
[##.##.#] (0,1,2,3) (0,4,5,6) (1,2,4,6) (0,1,4,5) (0,3,4) {177,159,16,17,191,160,32}
[.##.] (1,3) (2,3) (0,1,3) {0,16,13,29}
[#####..#.] (0,1,2,3,4,6,8) (7,8) (0,1,2,3,4,5,7) (2,3,4,5,6,7,8) (0,2,5,6,7,8) (3,6,7) (1,2,5,6,7,8) (0,1,4,7) (2) (0,1,2,3,5,6,7) {38,42,77,52,31,67,67,97,60}
[#..#] (1,2) (1,3) (1) (2) (0,1,2) {14,66,33,18}
[..#..] (0,1,4) (1,2,3,4) (1,3,4) (1,2,3) {0,7,3,7,6}
[####.#.#] (0,6) (3,7) (1,2,3,5,6,7) (0,2,7) (1,3,4,5,6,7) (0,1,2,3,4,5) {27,16,26,26,9,16,16,29}
[.#.......] (0,4,5,6,7,8) (2,4) (1,2,4,5,7,8) (0,5,6) (0,1,5,6,7,8) (1,4,5,6,8) (3,5) (0,5) (0,1,2,3,4,6,7) (1,2) (4,6) {47,47,39,16,85,86,77,33,51}
[.#..###.] (1,2,3,4,6,7) (1,4,6) (1,3,4,5,7) (1,3,4,5,6,7) (2,4,6) (0,4,5,7) (0,3) (0,2,3,4,5) {26,221,25,228,243,219,24,216}
[#.#.##] (2,5) (0,1) (0,3) (0,2,3) (3,4,5) (1,5) (0,5) (0,1,4,5) {66,42,31,138,139,172}
[#..#.#.##.] (0,2,3,5,6,7,9) (1,2,3,4,5,6,7,8,9) (1,2,4,5,7) (0,1,3,4,5,6,8) (0,1,2,3,4,7,8,9) (0,1,3,4,5,6,7,8) (0,3,9) (2,3,4,6,7,8) (3,4,8) {25,51,33,45,55,49,40,35,43,20}
[#.###] (0,2,3) (1,2,3) (1,3) (0,1,3,4) (1,3,4) {23,57,21,60,20}
[..#.##..] (0,1,3,4,7) (4,6) (0,1,3,4,5,7) (0,1,2,5,7) (0,2,3,4) (0,2,5,6,7) (0,1,2,3,4,6,7) (0,1,2,4,6) {58,42,48,30,49,17,45,38}
[###.#.] (1,2,3,4) (0,1,2,4) (0,4,5) (1,2,4) (1,2,3,5) {17,25,25,5,33,14}
[..##.] (1,3,4) (2,3) (0,2,3,4) {15,10,34,44,25}
[.#..#.#..#] (0,1,2,3,5,6,8) (3,9) (1,2,3,5,6,7,9) (0,2,3,4,5,8,9) (0,1,3,4,5,6,7,8) (1,3,4,6,8,9) (1,7,8) (0,3,4,5,9) (0,1,3,4,5,6,7,9) (0,3,4,5,8,9) (0,1,3,8,9) (0,5,6,9) (1,2,5,7) {236,76,63,254,204,267,59,53,230,248}
[.#####..#.] (0,1,5,6,7,8,9) (1,2,3,4,7,8,9) (0,2,3,5,6,8,9) (6,7,8) (0,1,4,5,6,8,9) (1,2,3,5,6,7,8,9) (2,3,8) (2,3,4,5,7,9) (0,1,2,3,5,6,7,9) (0,3,4,6,8,9) (0,3,4,5,7,8) (2,7) {74,61,77,101,65,69,73,102,111,85}
[.####.] (3,4,5) (1,2,3,5) (0,1,3,5) (0,3,4) (0,2) (1,3,4,5) {41,23,25,45,32,32}
[...######] (1,2,6,8) (1,2,4,5,7,8) (1,4,6,8) (0,1,2,4,5,6,7) (0,1,2,6,7) (0,1,2,7) (1,2,3,7) {25,235,223,7,25,13,202,43,203}
[#.###.] (2,3,4) (3,4,5) (2,4) (0,1,2,4) (0,3) (0,3,5) {33,8,13,48,33,36}
[..#.....] (0,5,6) (0,1,2,3,4) (3,5) (0,1,3,4,6,7) (1,5,6) (0,4,5,6) (0) (1,3,4,7) {69,56,12,51,51,46,59,32}
[.####..#.#] (0,1,3,6,8,9) (9) (6,8) (0,1,3,4,5,6,8,9) (2,3,8) (0,1,2) (0,1,5,6,7,9) (0,2,3,5,6,7,8,9) (0,1,2,4,5,7,8,9) (1,5,6,7,8) (0,1,2,3,5,6,7,9) (0,1,2,3,4,5,7,9) (1,3,6,7,9) {276,271,95,91,49,250,250,236,105,277}
[..#...##.] (3,5,7) (1,3,4,7,8) (0,1,3,4,6,7,8) (4,6) (1,2,3,4,5,7,8) (0,3,5,8) (1,2,7) (1,2,4,8) (1,2,3,4,5,6,8) (0,1,2,3,5,7,8) (1,2,3,4,7,8) {28,78,54,63,56,39,23,66,68}
[.#.#.##.#] (2,4,6) (1,2) (0,3,6,8) (6) (1,2,3,4,5,6) (1,3,5,8) (0,1,3,4,6) (0,1,4,5,8) (4,7) (0,2,3,6,7) (0,2,6) {47,152,166,53,48,21,76,10,22}
[......#] (0,3) (1,3,4) (0,1,4,6) (0,3,4,5) (2,4) {29,15,7,18,34,12,13}
[..#..] (1,4) (1,2,4) (0,3,4) {13,21,8,13,34}
[#...#.#] (0,1,2,3,4) (0,3,6) (0,2) (0,1,5) (0,2,5) (2,3) (2,6) (1,6) {67,25,66,40,18,19,35}
[##..#.] (0,1,2,4,5) (3,4,5) (0,4,5) (2,5) {130,0,17,9,139,156}
[.#...#] (3,4,5) (0,1,5) (2,4,5) (3,5) (0,2,3) (2,3,5) (3) (0,3,4) {23,15,39,166,127,169}
[..#.##.#.] (0) (0,5,8) (0,1,3,5,6,7,8) (0,1,2,3,4,5,6) (2,3,4,7) (0,2,3,4,5,6,8) (1,3,4,5,8) (6,7) (0,5,6,7,8) (0,7) {72,32,24,51,34,69,42,49,64}
[##..##.] (3,4) (1,3,5,6) (1,2,3,6) (3,6) (0,2,3,5) {11,29,27,58,1,24,46}
[#...##.] (3,5) (0,1,2,3,6) (1,2,3,6) (0,4,5,6) (0,1,2,3,4) (1,4,6) (1,2) (1,3,4,5) {35,51,47,54,36,30,38}
[#.##] (0,1,3) (0,2,3) {10,5,5,10}
[.#.#.#..] (0,1,2,4,5,6,7) (0,1,6,7) (0,2,3,5,6,7) (0,2) (1,2,3,4,6) (2,4,5) (0,1,3,4,5,6) (0) (0,3,4,5,6,7) {61,39,43,50,61,52,59,29}
[..#.#..#.#] (2,4,6,8) (5,7,9) (2,3,4,5,6,7,8,9) (1,2,3,4,5,7,8,9) (1,3) (7,8) (0,3,6) (0,1,2,6,8,9) (3,4,5,6,8,9) (1,3,6) (0,1,2,4,5) (2,3,6,7) (4,6,9) {22,53,66,53,48,30,71,52,76,48}
[..##.] (0,1,4) (0) (4) (0,1,2,3) (0,1,2) (0,1,3) {135,132,13,103,21}
[##...] (0,2,4) (0,2,3,4) (0,2) (0,3,4) (3) (1,3) (4) {29,1,14,19,18}
[.#.#....] (1,2,3,5,6,7) (1,4,5,6) (2,4,5) (0,7) (6) (0,3,6,7) (0,6,7) (0,1,2,5,7) (3,4) {36,35,52,47,37,55,45,55}
[####...] (1,2,3) (4,5) (0,1,3,4,6) (1,3,4,6) (0,1,3,5,6) {22,41,10,41,19,14,31}
[..##..####] (3) (1,3,4,6,7,8) (0,1,3,4,6,7,9) (0,1,2,3,5) (5) (4,7,8) (2,4,7,8) (1,3,4,5) (1,2,3,9) (0,1,2,3,6,7,8,9) (4) (0,1,2,3,4,5,6,7) {44,80,42,84,83,194,55,64,32,33}
[###..] (0,1,3) (1,2,4) (2,3) {7,17,23,20,10}
[#..#] (0,1) (1,2) (0,2,3) (2,3) {27,29,35,25}
[##..#] (3) (0,1,2,3) (0,1,2,4) (1) (1,2,4) (2,3,4) (0,1,3) {36,64,69,46,53}
[###.#..#] (0,1,2,4,7) (0,2,4,5,6,7) (0,6) (2) (1,2,4,5,7) (2,3,5,7) {10,13,34,11,13,23,9,24}
[.#...##...] (0,1,2,3,4,6,7,8,9) (3,4,7) (0,1,3,5,6,7,8) (1,3,4,5,6,7) (2,6,8) (0,6,8) (1,2,3,4,6,7,8,9) (1,2,3,4,7) (0,2,7,9) {37,23,40,28,18,11,35,45,34,23}
[#..###.#.] (1,3,6,7,8) (0,1,2,4,6,7,8) (3,5,7,8) (1,3,6) (0,1,3,5,6,7,8) (1,8) (0,4,5) (0,1,2,3,4,5,7,8) {34,74,24,52,27,26,49,55,69}
[...##..] (2,3) (0,1) (2,3,5) (0,3,6) (0,1,3,4) (1,4,5) {51,59,207,239,40,213,12}
[.###..#] (0,2,3,6) (0,6) (0,1,4,5) (1,2) (0,2,4,5,6) (0,1,4,5,6) (3,5) (2,3,4) (1,4,6) {49,23,31,180,36,180,57}
[..###..##] (0,3,6,7) (5,8) (4,5,7) (0,2,4,6,7) (0,3,8) (0,1,3,4,6,7,8) (0,1,2,4,5,8) (1,4,5) {47,18,20,27,38,17,35,35,15}
